1.324000000000000021e+01
1.340126565694809102e+01
1.385050570130348113e+01
1.332063282847404651e+01
1.362012619137763991e+01
1.367772106885909977e+01
1.433430267214775000e+01
1.411544213771820111e+01
1.456468218207359300e+01
1.472594783902168203e+01
1.502544120192527544e+01
1.469139091253280682e+01
1.454164423108100834e+01
1.488721349596977106e+01
1.406936623573303535e+01
1.413848008871078576e+01
1.420759394168853973e+01
1.478354271650314544e+01
1.487569452047348051e+01
1.558987100124359060e+01
1.637316133499145820e+01
1.549771919727325553e+01
1.579721256017685249e+01
1.645379416346550272e+01
1.654594596743583779e+01
1.681088240385055599e+01
1.712189474225044350e+01
1.700670498728752378e+01
1.766328659057617045e+01
1.776695737004280318e+01
1.818164048790931986e+01
1.838898204684257820e+01
1.795126097798347331e+01
1.821619741439819151e+01
1.804341278195381193e+01
1.855024770379066723e+01
1.875758926272392557e+01
1.834290614485740889e+01
1.872303233623504681e+01
1.849265282630920382e+01
1.805493175745010603e+01
1.830834921836853013e+01
1.746746400713920622e+01
1.734075527667999239e+01
1.778999532103538783e+01
1.836594409584999354e+01
1.843505794882774396e+01
1.840050102233886520e+01
1.861936155676841764e+01
1.833138716936111479e+01
1.825075434088707027e+01
1.822771638989448562e+01
1.869999438524246216e+01
1.828531126737594903e+01
1.783607122302055359e+01
1.828531126737594903e+01
1.775543839454650907e+01
1.692607215881347926e+01
1.683392035484314064e+01
1.731771732568741129e+01
1.782455224752425949e+01
1.752505888462066963e+01
1.776695737004280318e+01
1.714493269324302460e+01
1.691455318331718516e+01
1.692607215881347926e+01
1.737531220316886760e+01
1.638468031048774876e+01
1.658050289392471299e+01
1.629252850651741014e+01
1.708733781576156474e+01
1.637316133499145820e+01
1.658050289392471299e+01
1.713341371774673760e+01
1.761721068859100114e+01
1.702974293828010843e+01
1.729467937469482663e+01
1.685695830583572175e+01
1.699518601179122967e+01
1.653442699193954724e+01
1.687999625682830640e+01
1.676480650186538668e+01
1.603911104559898249e+01
1.616581977605819631e+01
1.569354178071021977e+01
1.616581977605819631e+01
1.537101046681404171e+01
1.570506075620651387e+01
1.486417554497718996e+01
1.516366890788078337e+01
1.546316227078437677e+01
1.535949149131775116e+01
1.511759300589561406e+01
1.473746681451797258e+01
1.554379509925842484e+01
1.593544026613235687e+01
1.586632641315460290e+01
1.652290801644325313e+01
1.696062908530235092e+01
1.730619835019111719e+01
1.758265376210212949e+01
1.759417273759842004e+01
1.720252757072448802e+01
1.715645166873931871e+01
1.696062908530235092e+01
1.721404654622078212e+01
1.704126191377639543e+01
1.731771732568741129e+01
1.684543933033943475e+01
1.697214806079864502e+01
1.707581884026527419e+01
1.698366703629493557e+01
1.652290801644325313e+01
1.615430080056190576e+01
1.623493362903595028e+01
1.561290895223617525e+01
1.549771919727325553e+01
1.525582071185112198e+01
1.456468218207359300e+01
1.456468218207359300e+01
1.467987193703651627e+01
1.426518881916999959e+01
1.333215180397033706e+01
1.327455692648887542e+01
1.196139371991157674e+01
1.264101327419281162e+01
1.338974668145179692e+01
1.231848196029663001e+01
1.185772294044494579e+01
1.205354552388191358e+01
1.241063376426696685e+01
1.200746962189674427e+01
9.496332963705063079e+00
1.041785100340843151e+01
9.911016081571579761e+00
8.931903164386749694e+00
8.597852874994279304e+00
8.713042629957200802e+00
7.733929712772370735e+00
7.803043565750121147e+00
7.687853810787201425e+00
8.574814924001692873e+00
1.003772481203079359e+01
9.369624233245851030e+00
8.690004678964614371e+00
9.127725747823715707e+00
8.632409801483154510e+00
8.747599556446076008e+00
7.987347173690796609e+00
8.574814924001692873e+00
8.724561605453491353e+00
8.528739022016525340e+00
8.056461026668548797e+00
8.908865213394166815e+00
9.415700135231018564e+00
1.012987661600112865e+01
9.749750424623490730e+00
9.680636571645736765e+00
1.011835764050483633e+01
9.277472429275514187e+00
8.816713409423828196e+00
8.724561605453491353e+00
8.471144144535065479e+00
8.344435414075851654e+00
7.837600492238999905e+00
8.528739022016525340e+00
7.849119467735292233e+00
7.618739957809447461e+00
7.814562541246413474e+00
7.422917374372481447e+00
6.789373722076415874e+00
7.019753232002258869e+00
8.148612830638885640e+00
7.918233320713042644e+00
8.367473365068436308e+00
8.114055904150008658e+00
7.710891761779784304e+00
8.091017953157424003e+00
8.471144144535065479e+00
7.975828198194504282e+00
8.263802585601807138e+00
8.885827262401582161e+00
8.920384188890457366e+00
8.724561605453491353e+00
8.367473365068436308e+00
8.736080580949783680e+00
8.344435414075851654e+00
8.425068242549897946e+00
7.733929712772370735e+00
7.768486639261245941e+00
7.826081516742705801e+00
7.365322496891023363e+00
7.434436349868773775e+00
7.284689668416977071e+00
7.365322496891023363e+00
7.457474300861360206e+00
7.422917374372481447e+00
7.319246594905854053e+00
7.906714345216750317e+00
8.321397463083268775e+00
8.160131806135177968e+00
7.941271271705629076e+00
8.125574879646302762e+00
7.895195369720459766e+00
7.676334835290909098e+00
7.572664055824279927e+00
7.319246594905854053e+00
7.100386060476303385e+00
6.985196305513381887e+00
6.535956261157989999e+00
7.042791182994843524e+00
7.641777908802033892e+00
7.641777908802033892e+00
7.791524590253830596e+00
7.906714345216750317e+00
8.286840536594390016e+00
8.148612830638885640e+00
7.837600492238999905e+00
7.987347173690796609e+00
8.148612830638885640e+00
8.217726683616639605e+00
8.528739022016525340e+00
8.885827262401582161e+00
9.196839600801469672e+00
8.678485703468322043e+00
8.574814924001692873e+00
8.839751360416412851e+00
8.828232384920120523e+00
8.321397463083268775e+00
8.298359512090682344e+00
7.895195369720459766e+00
7.952790247201919627e+00
7.492031227350235412e+00
7.849119467735292233e+00
7.952790247201919627e+00
7.733929712772370735e+00
7.745448688268663062e+00
7.595702006816864582e+00
7.653296884298326219e+00
7.952790247201919627e+00
7.699372786283493753e+00
7.307727619409561726e+00
7.077348109483718730e+00
7.676334835290909098e+00
8.114055904150008658e+00
8.517220046520234789e+00
8.471144144535065479e+00
8.413549267053605618e+00
8.885827262401582161e+00
9.081649845838548174e+00
9.093168821334840501e+00
9.093168821334840501e+00
9.761269400119783057e+00
9.634560669660567456e+00
9.634560669660567456e+00
1.000316788554191660e+01
9.669117596149446214e+00
9.415700135231018564e+00
9.484813988208772528e+00
9.864940179586412228e+00
1.031418022394180234e+01
1.067126846432685916e+01
1.093620490074157736e+01
1.055607870936393766e+01
1.070582539081573437e+01
1.106291363120079119e+01
1.113202748417854338e+01
1.092468592524528681e+01
1.084405309677124052e+01
1.125873621463775542e+01
1.147759674906730787e+01
1.115506543517112803e+01
1.129329314112663418e+01
1.127025519013404775e+01
1.169645728349685676e+01
1.153519162654876773e+01
1.162734343051910457e+01
1.153519162654876773e+01
1.166190035700797978e+01
1.174253318548202429e+01
1.189227986693382277e+01
1.242215273976325918e+01
1.249126659274101314e+01
1.246822864174842849e+01
1.209962142586708111e+01
1.211114040136337344e+01
1.215721630334854275e+01
1.159278650403022937e+01
1.105139465570449886e+01
1.143152084708213856e+01
1.137392596960067692e+01
1.183468498945236114e+01
1.191531781792640743e+01
1.174253318548202429e+01
1.155822957754135061e+01
1.137392596960067692e+01
1.228392503380775480e+01
1.253734249472618245e+01
1.275620302915573134e+01
1.283683585762977764e+01
1.321696204900741733e+01
1.324000000000000021e+01
1.340126565694809102e+01
1.370075901985168620e+01
1.380442979931831537e+01
1.371227799534797676e+01
1.358556926488876293e+01
1.332063282847404651e+01
1.328607590198516775e+01
1.296354458808898968e+01
1.285987380862236051e+01
1.289443073511123572e+01
1.281379790663719120e+01
1.283683585762977764e+01
1.324000000000000021e+01
1.300962049007415722e+01
1.264101327419281162e+01
1.288291175961494517e+01
1.327455692648887542e+01
1.356253131389617828e+01
1.350493643641472019e+01
1.356253131389617828e+01
1.359708824038505703e+01
1.329759487748146007e+01
1.313632922053337104e+01
1.279075995564460833e+01
1.298658253908157256e+01
1.289443073511123572e+01
1.312481024503708049e+01
1.355101233839988772e+01
1.353949336290359540e+01
1.404632828474044715e+01
1.411544213771820111e+01
1.457620115756988710e+01
1.470290988802909737e+01
1.455316320657730245e+01
1.511759300589561406e+01
1.524430173635482788e+01
1.547468124628067088e+01
1.548620022177696143e+01
1.547468124628067088e+01
1.548620022177696143e+01
1.578569358468055839e+01
1.584328846216201825e+01
1.617733875155448686e+01
1.608518694758415535e+01
1.603911104559898249e+01
1.590088333964347811e+01
1.608518694758415535e+01
1.599303514361381673e+01
1.578569358468055839e+01
1.606214899659156714e+01
1.639619928598403931e+01
1.622341465353965972e+01
1.542860534429550157e+01
1.591240231513977221e+01
1.598151616811752262e+01
1.616581977605819631e+01
1.648835108995437437e+01
1.646531313896178972e+01
1.649987006545066848e+01
1.629252850651741014e+01
1.651138904094695903e+01
1.658050289392471299e+01
1.637316133499145820e+01
1.606214899659156714e+01
1.603911104559898249e+01
1.618885772705078097e+01
1.660354084491729765e+01
1.689151523232460050e+01
1.669569264888763271e+01
1.684543933033943475e+01
1.681088240385055599e+01
1.697214806079864502e+01
1.713341371774673760e+01
1.787062814950943235e+01
1.815860253691673520e+01
1.821619741439819151e+01
1.810100765943527534e+01
1.815860253691673520e+01
1.826227331638336437e+01
1.807796970844269069e+01
1.792822302699088866e+01
1.833138716936111479e+01
1.825075434088707027e+01
1.825075434088707027e+01
1.775543839454650907e+01
1.820467843890190096e+01
1.831986819386482068e+01
1.875758926272392557e+01
1.878062721371650667e+01
1.867695643424988106e+01
1.880366516470909133e+01
1.884974106669426064e+01
1.875758926272392557e+01
1.889581696867942640e+01
1.881518414020538188e+01
1.853872872829437313e+01
1.874607028722763147e+01
1.971366422891616921e+01
2.039328378319740409e+01
2.041632173418998519e+01
2.027809402823448437e+01
2.011682837128639534e+01
1.956391754746437073e+01
1.902252569913864377e+01
1.944872779250144745e+01
1.859632360577583299e+01
1.867695643424988106e+01
1.861936155676841764e+01
1.884974106669426064e+01
1.919531033158302336e+01
1.922986725807190211e+01
2.001315759181976617e+01
2.017442324876785520e+01
2.020898017525672685e+01
2.007075246930122603e+01
2.033568890571594068e+01
2.057758739113807778e+01
2.061214431762695298e+01
2.049695456266402971e+01
1.990948681235313700e+01
1.984037295937537948e+01
2.049695456266402971e+01
2.033568890571594068e+01
2.031265095472335602e+01
1.990948681235313700e+01
1.984037295937537948e+01
1.951784164547920497e+01
1.943720881700516045e+01
1.946024676799774156e+01
1.911467750310897884e+01
1.864239950776100230e+01
1.874607028722763147e+01
1.960999344944954004e+01
1.946024676799774156e+01
1.926442418456077377e+01
1.951784164547920497e+01
1.921834828257560801e+01
1.931050008654594663e+01
1.896493082165718391e+01
1.934505701303481828e+01
1.965606935143470579e+01
1.988644886136055234e+01
2.008227144479751658e+01
2.084252382755279598e+01
2.111897923946380473e+01
2.084252382755279598e+01
2.111897923946380473e+01
2.102682743549346966e+01
2.138391567587852293e+01
2.141847260236740169e+01
2.104986538648605432e+01
2.100378948450088501e+01
2.116505514144897759e+01
2.095771358251571925e+01
2.069277714610100105e+01
2.101530845999717556e+01
2.087708075404167474e+01
2.049695456266402971e+01
2.149910543084144621e+01
2.113049821496009884e+01
2.072733407258987270e+01
1.959847447395324949e+01
2.018594222426414575e+01
2.049695456266402971e+01
2.071581509709358215e+01
1.977125910639762907e+01
1.897644979715347091e+01
1.927594316005706787e+01
1.940265189051628170e+01
1.977125910639762907e+01
1.897644979715347091e+01
1.935657598853111239e+01
1.920682930707931746e+01
1.943720881700516045e+01
1.932201906204223718e+01
1.970214525341987866e+01
1.988644886136055234e+01
2.022049915075302096e+01
2.012834734678268234e+01
2.017442324876785520e+01
2.003619554281234727e+01
1.989796783685684289e+01
1.952936062097549552e+01
1.992100578784942400e+01
2.007075246930122603e+01
2.035872685670852889e+01
2.083100485205650187e+01
2.081948587656021132e+01
2.086556177854538063e+01
2.101530845999717556e+01
2.192530752420425699e+01
2.193682649970054399e+01
2.236302859306335478e+01
2.257037015199661312e+01
2.263948400497436353e+01
2.275467375993728680e+01
2.245518039703368984e+01
2.252429425001144381e+01
2.248973732352256860e+01
2.254733220100402846e+01
2.228239576458931026e+01
2.255885117650031901e+01
2.295049634337425459e+01
2.306568609833717431e+01
2.276619273543358091e+01
2.322695175528526335e+01
2.338821741223335238e+01
2.376834360361099030e+01
2.367619179964065523e+01
2.377986257910728440e+01
2.405631799101829316e+01
2.417150774598121643e+01
2.428669750094413615e+01
2.421758364796638574e+01
2.441340623140335353e+01
2.447100110888480984e+01
2.448252008438110394e+01
2.483960832476615721e+01
2.519669656515121758e+01
2.503543090820312500e+01
2.498935500621795924e+01
2.472441856980324104e+01
2.632555616378784435e+01
2.712036547303199541e+01
2.759264346837997550e+01
2.744289678692817702e+01
2.663656850218773187e+01
2.657897362470626845e+01
2.735074498295783840e+01
2.653289772272110270e+01
2.709732752203941430e+01
2.626796128630638094e+01
2.596846792340278398e+01
2.490872217774391473e+01
2.376834360361099030e+01
2.574960738897323864e+01
2.602606280088424739e+01
2.663656850218773187e+01
2.623340435981750574e+01
2.573808841347694454e+01
2.577264533996582330e+01
2.557682275652885551e+01
2.513910168766975417e+01
2.397568516254424864e+01
2.447100110888480984e+01
2.496631705522537459e+01
2.479353242278099145e+01
2.466682369232177763e+01
2.568049353599548112e+01
2.607213870286941315e+01
2.649834079623222394e+01
2.684391006112098665e+01
2.675175825715064803e+01
2.596846792340278398e+01
2.541555709958076292e+01
2.524277246713638334e+01
2.457467188835143901e+01
2.536948119759559717e+01
2.570353148698806578e+01
2.578416431546211030e+01
2.637163206577301011e+01
2.720099830150604348e+01
2.770783322334289522e+01
2.794973170876503232e+01
2.752352961540222154e+01
2.792669375777244412e+01
2.760416244387626961e+01
2.739682088494301127e+01
2.714340342402458006e+01
2.731618805646896675e+01
2.599150587439536864e+01
2.548467095255852044e+01
2.515062066316604472e+01
2.497783603072166514e+01
2.516213963866233883e+01
2.626796128630638094e+01
2.619884743332862698e+01
2.637163206577301011e+01
2.610669562935829191e+01
2.550770890355110154e+01
2.561137968301773071e+01
2.547315197706222634e+01
2.530036734461784675e+01
2.482808934926986666e+01
2.551922787904739209e+01
2.578416431546211030e+01
2.630251821279525615e+01
2.640618899226188887e+01
2.632555616378784435e+01
2.685542903661727721e+01
2.650985977172851804e+01
2.619884743332862698e+01
2.610669562935829191e+01
2.661353055119514721e+01
2.662504952669143776e+01
2.672872030615806693e+01
2.659049260020255900e+01
2.641770796775817942e+01
2.660201157569885311e+01
2.634859411478042901e+01
2.533492427110671841e+01
2.550770890355110154e+01
2.521973451614379869e+01
2.505846885919570965e+01
2.553074685454368620e+01
2.564593660950660947e+01
2.530036734461784675e+01
2.527732939362526210e+01
2.485112730026245131e+01
2.421758364796638574e+01
2.454011496186256380e+01
2.425214057445526095e+01
2.440188725590705943e+01
2.449403905987739805e+01
2.456315291285514846e+01
2.534644324660301251e+01
2.555378480553627085e+01
2.627948026180267149e+01
2.616429050683975532e+01
2.672872030615806693e+01
2.674023928165436104e+01
2.678631518363952679e+01
2.717796035051345882e+01
2.729315010547638209e+01
2.752352961540222154e+01
2.821466814517974697e+01
2.808795941472053315e+01
2.895188257694244172e+01
2.900947745442390513e+01
2.944719852328300291e+01
2.957390725374222029e+01
2.994251446962356411e+01
2.981580573916435029e+01
2.934352774381637374e+01
2.940112262129783716e+01
2.900947745442390513e+01
2.887124974846839720e+01
2.844504765510559352e+01
2.957390725374222029e+01
2.959694520473480495e+01
2.959694520473480495e+01
3.012681807756424135e+01
3.027656475901603628e+01
3.062213402390479544e+01
3.079491865634918568e+01
3.103681714177131923e+01
3.239605625033378544e+01
3.275314449071883871e+01
3.182010747551918328e+01
3.193529723048210300e+01
3.182010747551918328e+01
3.160124694108963084e+01
3.175099362254142576e+01
3.165884181857109425e+01
3.163580386757850604e+01
3.134782948017120319e+01
3.088707046031951720e+01
3.123263972520828347e+01
3.180858850002288918e+01
3.217719571590423300e+01
3.277618244171142692e+01
3.264947371125221309e+01
3.281073936820030212e+01
3.253428395628928627e+01
3.275314449071883871e+01
3.260339780926705089e+01
3.165884181857109425e+01
3.155517103910446153e+01
3.095618431329727471e+01
3.084099455833434789e+01
3.170491772055625646e+01
3.152061411261558632e+01
3.224630956888198341e+01
3.173947464704513877e+01
3.239605625033378544e+01
3.241909420132637365e+01
3.262643576025962489e+01
3.200441108345985697e+01
3.256884088277816147e+01
3.276466346621513992e+01
3.268403063774108830e+01
3.298352400064467815e+01
3.277618244171142692e+01
3.307567580461501677e+01
3.293744809865951595e+01
3.302959990262985457e+01
3.314478965759276718e+01
3.299504297614097936e+01
3.300656195163726636e+01
3.309871375560760498e+01
3.302959990262985457e+01
3.321390351057051760e+01
3.342124506950378304e+01
3.353643482446670987e+01
3.336365019202231963e+01
3.347883994698524646e+01
3.355947277545928387e+01
3.354795379996299687e+01
3.336365019202231963e+01
3.324846043705940701e+01
3.400871281981467575e+01
3.420453540325165420e+01
