6.610196828842163086e-02
6.617139279842376709e-02
6.626621633768081665e-02
6.627074629068374634e-02
6.628036499023437500e-02
6.621084362268447876e-02
6.625326722860336304e-02
6.632894277572631836e-02
6.636074930429458618e-02
6.634221971035003662e-02
6.632728874683380127e-02
6.629317253828048706e-02
6.632742285728454590e-02
6.634499132633209229e-02
6.634715199470520020e-02
6.633912026882171631e-02
6.629003584384918213e-02
6.624563038349151611e-02
6.622111052274703979e-02
6.629522889852523804e-02
6.628727167844772339e-02
6.641173362731933594e-02
6.637897342443466187e-02
6.639815121889114380e-02
6.634533405303955078e-02
6.633739918470382690e-02
6.634790450334548950e-02
6.644318252801895142e-02
6.642441451549530029e-02
6.635976582765579224e-02
6.634895503520965576e-02
6.630422919988632202e-02
6.629988551139831543e-02
6.631143391132354736e-02
6.631810963153839111e-02
6.631116569042205811e-02
6.627357006072998047e-02
6.625001877546310425e-02
6.622877717018127441e-02
6.622518599033355713e-02
6.622480601072311401e-02
6.620375066995620728e-02
6.616290658712387085e-02
6.615427881479263306e-02
6.614962220191955566e-02
6.615084409713745117e-02
6.620341539382934570e-02
6.621304154396057129e-02
6.623989343643188477e-02
6.622613221406936646e-02
6.620399653911590576e-02
6.613864004611968994e-02
6.618492305278778076e-02
6.628108769655227661e-02
6.640549004077911377e-02
6.642304360866546631e-02
6.645260751247406006e-02
6.635144352912902832e-02
6.634870171546936035e-02
6.635197997093200684e-02
6.639436632394790649e-02
6.635658442974090576e-02
6.632418930530548096e-02
6.624997407197952271e-02
6.619025021791458130e-02
6.619053333997726440e-02
6.619625538587570190e-02
6.624887138605117798e-02
6.620553880929946899e-02
6.622047722339630127e-02
6.626167148351669312e-02
6.631530076265335083e-02
6.629460304975509644e-02
6.633015722036361694e-02
6.633704900741577148e-02
6.634403020143508911e-02
6.631948053836822510e-02
6.631803512573242188e-02
6.628621369600296021e-02
6.630870699882507324e-02
6.625855714082717896e-02
6.625624001026153564e-02
6.621855497360229492e-02
6.623036414384841919e-02
6.622424721717834473e-02
6.614277511835098267e-02
6.612102687358856201e-02
6.611204892396926880e-02
6.612329185009002686e-02
6.607968360185623169e-02
6.608352810144424438e-02
6.600575894117355347e-02
6.607195734977722168e-02
6.615349650382995605e-02
6.614258140325546265e-02
6.612400710582733154e-02
6.607019901275634766e-02
6.610026210546493530e-02
6.610202044248580933e-02
6.623670458793640137e-02
6.628305464982986450e-02
6.627710163593292236e-02
6.627786159515380859e-02
6.630773842334747314e-02
6.628151983022689819e-02
6.632836163043975830e-02
6.633632630109786987e-02
6.630843877792358398e-02
6.624785065650939941e-02
6.622648984193801880e-02
6.619405746459960938e-02
6.617574393749237061e-02
6.619357317686080933e-02
6.624482572078704834e-02
6.626959890127182007e-02
6.630148738622665405e-02
6.632313877344131470e-02
6.633247435092926025e-02
6.636194884777069092e-02
6.636883318424224854e-02
6.636301428079605103e-02
6.637305021286010742e-02
6.635928153991699219e-02
6.631652265787124634e-02
6.629414856433868408e-02
6.628814339637756348e-02
6.626946479082107544e-02
6.626306474208831787e-02
6.624867767095565796e-02
6.623788923025131226e-02
6.620991975069046021e-02
6.619792431592941284e-02
6.623823195695877075e-02
6.628209352493286133e-02
6.629419326782226562e-02
6.630269438028335571e-02
6.628249585628509521e-02
6.629118323326110840e-02
6.629282236099243164e-02
6.629834324121475220e-02
6.629859656095504761e-02
6.631045043468475342e-02
6.627431511878967285e-02
6.626790016889572144e-02
6.626003235578536987e-02
6.627813726663589478e-02
6.629733741283416748e-02
6.629122793674468994e-02
6.626892089843750000e-02
6.634617596864700317e-02
6.634812802076339722e-02
6.642498075962066650e-02
6.641443818807601929e-02
6.643304973840713501e-02
6.640800833702087402e-02
6.638075411319732666e-02
6.638010591268539429e-02
6.644273549318313599e-02
6.639911234378814697e-02
6.634370237588882446e-02
6.636095792055130005e-02
6.635575741529464722e-02
6.633861362934112549e-02
6.632167845964431763e-02
6.632252037525177002e-02
6.630768626928329468e-02
6.630812585353851318e-02
6.628606468439102173e-02
6.629443168640136719e-02
6.628715246915817261e-02
6.632796674966812134e-02
6.630120426416397095e-02
6.628841161727905273e-02
6.627178192138671875e-02
6.625993549823760986e-02
6.626860797405242920e-02
6.626323610544204712e-02
6.626896560192108154e-02
6.623928248882293701e-02
6.625593453645706177e-02
6.626845896244049072e-02
6.626925617456436157e-02
6.624957919120788574e-02
6.628433614969253540e-02
6.625752896070480347e-02
6.626283377408981323e-02
6.625392287969589233e-02
6.627002358436584473e-02
6.627118587493896484e-02
6.631261855363845825e-02
6.630048155784606934e-02
6.629026681184768677e-02
6.629479676485061646e-02
6.627673655748367310e-02
6.626296788454055786e-02
6.628393381834030151e-02
6.627354770898818970e-02
6.621488183736801147e-02
6.619217246770858765e-02
6.616830080747604370e-02
6.619858741760253906e-02
6.618237495422363281e-02
6.618369370698928833e-02
6.619601696729660034e-02
6.621046364307403564e-02
6.622900813817977905e-02
6.626928597688674927e-02
6.628880649805068970e-02
6.628715246915817261e-02
6.627086549997329712e-02
6.628695130348205566e-02
6.631267070770263672e-02
6.632997840642929077e-02
6.633313000202178955e-02
6.630733609199523926e-02
6.633458286523818970e-02
6.635224819183349609e-02
6.639367341995239258e-02
6.640930473804473877e-02
6.639763712882995605e-02
6.636409461498260498e-02
6.635732948780059814e-02
6.633530557155609131e-02
6.633064150810241699e-02
6.624732166528701782e-02
6.623733788728713989e-02
6.622697412967681885e-02
6.626912206411361694e-02
6.625083088874816895e-02
6.622575223445892334e-02
6.617971509695053101e-02
6.622787564992904663e-02
6.625567376613616943e-02
6.624999642372131348e-02
6.624010950326919556e-02
6.625132262706756592e-02
6.625124067068099976e-02
6.626524776220321655e-02
6.623369455337524414e-02
6.614053994417190552e-02
6.605230271816253662e-02
6.605554372072219849e-02
6.603645533323287964e-02
6.601390242576599121e-02
6.608632206916809082e-02
6.610604375600814819e-02
6.609475612640380859e-02
6.611646711826324463e-02
6.622450798749923706e-02
6.626308709383010864e-02
6.619913876056671143e-02
6.622382998466491699e-02
6.622462719678878784e-02
6.623470038175582886e-02
6.617987155914306641e-02
6.620919704437255859e-02
6.619436293840408325e-02
6.620744615793228149e-02
6.618019193410873413e-02
6.623040884733200073e-02
6.625304371118545532e-02
6.628300994634628296e-02
6.630665063858032227e-02
6.632365286350250244e-02
6.633117049932479858e-02
6.635497510433197021e-02
6.636083871126174927e-02
6.633266061544418335e-02
6.632401049137115479e-02
6.632460653781890869e-02
6.635335087776184082e-02
6.631480157375335693e-02
6.628814339637756348e-02
6.621368974447250366e-02
6.620503962039947510e-02
6.625841557979583740e-02
6.631360203027725220e-02
6.640637665987014771e-02
6.633567810058593750e-02
6.633716821670532227e-02
6.634005904197692871e-02
6.634282320737838745e-02
6.632471829652786255e-02
6.637100875377655029e-02
6.633149832487106323e-02
6.630468368530273438e-02
6.632142513990402222e-02
6.630256772041320801e-02
6.620527803897857666e-02
6.616850942373275757e-02
6.621731817722320557e-02
6.629402935504913330e-02
6.627911329269409180e-02
6.626524776220321655e-02
6.624256074428558350e-02
6.627556681632995605e-02
6.630096584558486938e-02
6.635946780443191528e-02
6.632164865732192993e-02
6.629317253828048706e-02
6.623525917530059814e-02
6.623625010251998901e-02
6.621227413415908813e-02
6.621389836072921753e-02
6.621313095092773438e-02
6.616532057523727417e-02
6.613317877054214478e-02
6.615834683179855347e-02
6.618575006723403931e-02
6.615569442510604858e-02
6.616543233394622803e-02
6.608240306377410889e-02
6.602083146572113037e-02
6.604357063770294189e-02
6.610907614231109619e-02
6.616476923227310181e-02
6.618864834308624268e-02
6.616034358739852905e-02
6.618810445070266724e-02
6.618773192167282104e-02
6.624236702919006348e-02
6.629373133182525635e-02
6.631518155336380005e-02
6.627530604600906372e-02
6.627693027257919312e-02
6.628921627998352051e-02
6.629061698913574219e-02
6.627430021762847900e-02
6.632307916879653931e-02
6.633906811475753784e-02
6.629239767789840698e-02
6.627697497606277466e-02
6.620223075151443481e-02
6.622747331857681274e-02
6.620900332927703857e-02
6.625958532094955444e-02
6.628146022558212280e-02
6.632542610168457031e-02
6.634888797998428345e-02
6.641649454832077026e-02
6.641571223735809326e-02
6.642905622720718384e-02
6.640983372926712036e-02
6.643851101398468018e-02
6.644504517316818237e-02
6.645170599222183228e-02
6.639041006565093994e-02
6.631770730018615723e-02
6.625475734472274780e-02
6.628501415252685547e-02
6.622096151113510132e-02
6.617460399866104126e-02
6.618546694517135620e-02
6.617478281259536743e-02
6.621944159269332886e-02
6.626055389642715454e-02
6.626141071319580078e-02
6.624875217676162720e-02
6.625626236200332642e-02
6.622715294361114502e-02
6.617189198732376099e-02
6.624176353216171265e-02
6.620977073907852173e-02
6.617313623428344727e-02
6.614980101585388184e-02
6.615918129682540894e-02
6.616563349962234497e-02
6.623959541320800781e-02
6.628230214118957520e-02
6.627956777811050415e-02
6.627546995878219604e-02
6.629887223243713379e-02
6.631922721862792969e-02
6.632557511329650879e-02
6.629379838705062866e-02
6.629741191864013672e-02
6.623810529708862305e-02
6.621539592742919922e-02
6.616488844156265259e-02
6.620108336210250854e-02
6.615778058767318726e-02
6.618580222129821777e-02
6.623566895723342896e-02
6.626518815755844116e-02
6.621426343917846680e-02
6.627897918224334717e-02
6.628132611513137817e-02
6.627181917428970337e-02
6.630095094442367554e-02
6.633555889129638672e-02
6.631613522768020630e-02
6.632449477910995483e-02
6.631232053041458130e-02
6.628033518791198730e-02
6.625974178314208984e-02
6.625515222549438477e-02
6.622236222028732300e-02
6.614918261766433716e-02
6.608455628156661987e-02
6.606806814670562744e-02
6.600084900856018066e-02
6.603612750768661499e-02
6.605357676744461060e-02
6.598486006259918213e-02
6.591182202100753784e-02
6.595233827829360962e-02
6.598227471113204956e-02
6.596981734037399292e-02
6.608408689498901367e-02
6.618627905845642090e-02
6.621688604354858398e-02
6.631863862276077271e-02
6.642790138721466064e-02
6.646113842725753784e-02
6.639058142900466919e-02
6.637780368328094482e-02
6.643790006637573242e-02
6.642768532037734985e-02
6.641850620508193970e-02
6.643766909837722778e-02
6.638174504041671753e-02
6.629355996847152710e-02
6.624589115381240845e-02
6.626758724451065063e-02
6.626544892787933350e-02
6.628374755382537842e-02
6.627397984266281128e-02
6.628845632076263428e-02
6.627587974071502686e-02
6.629599630832672119e-02
6.629705429077148438e-02
6.626609712839126587e-02
6.620222330093383789e-02
6.620683521032333374e-02
6.618595123291015625e-02
6.614793092012405396e-02
6.600743532180786133e-02
6.601920723915100098e-02
6.603112071752548218e-02
6.610701233148574829e-02
6.605801731348037720e-02
6.608477979898452759e-02
6.611971557140350342e-02
6.610368937253952026e-02
6.623281538486480713e-02
6.628836691379547119e-02
6.632477790117263794e-02
6.622952222824096680e-02
6.631650030612945557e-02
6.629459559917449951e-02
6.632816046476364136e-02
6.634800136089324951e-02
6.638236343860626221e-02
6.631964445114135742e-02
6.630841642618179321e-02
6.626573204994201660e-02
6.613625586032867432e-02
6.603115797042846680e-02
6.602964550256729126e-02
6.602112948894500732e-02
6.605219095945358276e-02
6.608954071998596191e-02
6.608532369136810303e-02
6.618109345436096191e-02
6.631528586149215698e-02
6.644663214683532715e-02
6.646317988634109497e-02
6.646990776062011719e-02
6.646319478750228882e-02
6.645338982343673706e-02
6.646151095628738403e-02
6.645216047763824463e-02
6.640815734863281250e-02
6.636659055948257446e-02
6.634157896041870117e-02
6.626288592815399170e-02
6.624710559844970703e-02
6.626881659030914307e-02
6.624117493629455566e-02
6.622675061225891113e-02
6.621681898832321167e-02
6.625024229288101196e-02
6.624441593885421753e-02
6.622915714979171753e-02
6.625156849622726440e-02
6.626907736063003540e-02
6.629823148250579834e-02
6.632638722658157349e-02
6.633053719997406006e-02
6.629584729671478271e-02
6.626366823911666870e-02
6.624216586351394653e-02
6.627468764781951904e-02
6.627602875232696533e-02
6.622607260942459106e-02
6.619034707546234131e-02
6.613242626190185547e-02
6.611983478069305420e-02
6.611610949039459229e-02
6.616758555173873901e-02
6.611908227205276489e-02
6.613948941230773926e-02
6.611265987157821655e-02
6.617549061775207520e-02
6.616359204053878784e-02
6.623189896345138550e-02
6.624206155538558960e-02
6.623667478561401367e-02
6.621531397104263306e-02
6.630798429250717163e-02
6.633059680461883545e-02
6.630919128656387329e-02
6.630618125200271606e-02
6.629876792430877686e-02
6.631083041429519653e-02
6.629401445388793945e-02
6.629929691553115845e-02
6.630697101354598999e-02
6.626738607883453369e-02
6.622218340635299683e-02
6.627563387155532837e-02
6.628546118736267090e-02
6.629323214292526245e-02
6.626179069280624390e-02
6.626170128583908081e-02
6.621403992176055908e-02
6.628541648387908936e-02
6.632282584905624390e-02
6.643816828727722168e-02
6.644049286842346191e-02
6.644462049007415771e-02
6.637980788946151733e-02
6.636828929185867310e-02
6.634636968374252319e-02
6.642184406518936157e-02
6.639157235622406006e-02
6.634196639060974121e-02
6.631569564342498779e-02
6.631075590848922729e-02
6.633529812097549438e-02
6.635782867670059204e-02
6.632973998785018921e-02
6.631528586149215698e-02
6.630696356296539307e-02
6.629336625337600708e-02
6.633544713258743286e-02
6.635631620883941650e-02
6.635859608650207520e-02
6.635354459285736084e-02
6.636884808540344238e-02
6.638120114803314209e-02
6.634933501482009888e-02
6.631485372781753540e-02
6.623490899801254272e-02
6.622651964426040649e-02
6.620461493730545044e-02
6.625232100486755371e-02
6.622513383626937866e-02
6.620617955923080444e-02
6.616146862506866455e-02
6.609845161437988281e-02
6.615687161684036255e-02
6.619130074977874756e-02
6.623762100934982300e-02
6.623402237892150879e-02
6.623685359954833984e-02
6.621576845645904541e-02
6.625563651323318481e-02
6.633923202753067017e-02
6.634790450334548950e-02
6.636077910661697388e-02
6.634793430566787720e-02
6.634378433227539062e-02
6.626084446907043457e-02
6.624419242143630981e-02
6.620431691408157349e-02
6.616164743900299072e-02
6.610511243343353271e-02
6.612638384103775024e-02
6.614669412374496460e-02
6.609371304512023926e-02
6.618954986333847046e-02
6.621304154396057129e-02
6.614729762077331543e-02
6.618197262287139893e-02
6.627328693866729736e-02
6.625465303659439087e-02
6.619265675544738770e-02
6.619422137737274170e-02
6.609896570444107056e-02
6.617181003093719482e-02
6.624403595924377441e-02
6.619089096784591675e-02
6.611188501119613647e-02
6.597431004047393799e-02
6.599316000938415527e-02
6.605335325002670288e-02
6.615347415208816528e-02
6.614603102207183838e-02
6.602968275547027588e-02
6.573635339736938477e-02
6.574841588735580444e-02
6.597306579351425171e-02
6.607475131750106812e-02
6.595982611179351807e-02
6.580293178558349609e-02
6.566956639289855957e-02
6.576973199844360352e-02
6.579771637916564941e-02
6.603731960058212280e-02
6.613629311323165894e-02
6.616742163896560669e-02
6.612703204154968262e-02
6.622302532196044922e-02
6.622975319623947144e-02
6.610137969255447388e-02
6.607488542795181274e-02
6.612254679203033447e-02
6.606139987707138062e-02
6.610675156116485596e-02
6.612049788236618042e-02
6.606840342283248901e-02
6.592383235692977905e-02
6.603325158357620239e-02
6.599274277687072754e-02
6.595908850431442261e-02
6.588824093341827393e-02
6.583121418952941895e-02
6.582094728946685791e-02
6.602869182825088501e-02
6.613891571760177612e-02
6.617037951946258545e-02
6.599833816289901733e-02
6.600065529346466064e-02
6.587946414947509766e-02
6.622183322906494141e-02
6.623185425996780396e-02
6.629375368356704712e-02
6.629031151533126831e-02
6.625598669052124023e-02
6.605241447687149048e-02
6.625644117593765259e-02
6.638359278440475464e-02
6.638867408037185669e-02
6.636177003383636475e-02
6.632570922374725342e-02
6.622333079576492310e-02
6.624745577573776245e-02
6.626639515161514282e-02
6.633908301591873169e-02
6.634631752967834473e-02
6.636919081211090088e-02
6.642947345972061157e-02
6.641880422830581665e-02
6.645355373620986938e-02
6.646768748760223389e-02
6.644061952829360962e-02
6.638598442077636719e-02
6.642071902751922607e-02
6.635814905166625977e-02
6.628160923719406128e-02
6.627157330513000488e-02
6.630870699882507324e-02
6.623145192861557007e-02
6.620421260595321655e-02
6.620138138532638550e-02
6.626270711421966553e-02
6.628230214118957520e-02
6.630040705204010010e-02
6.629145145416259766e-02
6.627991050481796265e-02
6.628856807947158813e-02
6.628596037626266479e-02
6.628559529781341553e-02
6.628216803073883057e-02
6.627523154020309448e-02
6.621059775352478027e-02
6.623266637325286865e-02
6.626008450984954834e-02
6.636277586221694946e-02
6.637975573539733887e-02
6.639340519905090332e-02
6.639444082975387573e-02
6.638183444738388062e-02
6.637347489595413208e-02
6.643621623516082764e-02
6.643302738666534424e-02
6.640289723873138428e-02
6.633053719997406006e-02
6.629481166601181030e-02
6.626808643341064453e-02
6.622681021690368652e-02
6.626033037900924683e-02
6.634025275707244873e-02
6.632141023874282837e-02
6.627040356397628784e-02
6.631229072809219360e-02
6.634713709354400635e-02
6.637703627347946167e-02
6.636434048414230347e-02
6.636088341474533081e-02
6.634254008531570435e-02
6.632399559020996094e-02
6.626903265714645386e-02
6.630175560712814331e-02
6.630413979291915894e-02
6.632897257804870605e-02
6.631714105606079102e-02
6.631593406200408936e-02
6.632830947637557983e-02
6.630582362413406372e-02
6.628923863172531128e-02
6.625398993492126465e-02
6.631718575954437256e-02
6.626770645380020142e-02
6.637416779994964600e-02
6.627710163593292236e-02
6.625012308359146118e-02
6.614161282777786255e-02
6.613925844430923462e-02
6.604980677366256714e-02
6.607062369585037231e-02
6.595394760370254517e-02
6.584759056568145752e-02
6.593437492847442627e-02
6.595144420862197876e-02
6.598892062902450562e-02
6.600444763898849487e-02
6.599231064319610596e-02
6.594881415367126465e-02
