9.098000000000000398e+01
9.128590074539185650e+01
9.037622835874559257e+01
9.093229852437973193e+01
9.134995588064194294e+01
9.209109092593193679e+01
9.240512315273285537e+01
9.285070022940635681e+01
9.229817172765731925e+01
9.425187133073806933e+01
9.423968368768693438e+01
9.530480557084084126e+01
9.535102573871613174e+01
9.543829230427742516e+01
9.490422027468682131e+01
9.412333802223206192e+01
9.277205660581589086e+01
9.208382818937302261e+01
9.847082394123079041e+01
9.988905514717102108e+01
9.975999064683915662e+01
1.016433399999141898e+02
1.000368672108650401e+02
1.013747211146354772e+02
1.020315614724159303e+02
1.036763283467292922e+02
1.045857893693447096e+02
1.050558865857124431e+02
1.042202308273315481e+02
1.041382952952384926e+02
1.043935650527477321e+02
1.057243066954612800e+02
1.056169649362564087e+02
1.054579660987854055e+02
1.053091142940521365e+02
1.055968538737297138e+02
1.047271497285366166e+02
1.050664561057090935e+02
1.042306772792339444e+02
1.037601573598385016e+02
1.031190404081344667e+02
1.029885215318202967e+02
1.021507094705104919e+02
1.022459336733818134e+02
1.028971411824226436e+02
1.039122435784340013e+02
1.038859779500961338e+02
1.045708451485633930e+02
1.016675503575801969e+02
9.921927737951280335e+01
1.015781990158558017e+02
1.041352628993988105e+02
1.080507931971550022e+02
1.119405361580848677e+02
1.112926651310920647e+02
1.099268274521827777e+02
1.099195736002922104e+02
1.098864518487453523e+02
1.109867852473259120e+02
1.090316343688964906e+02
1.092075036191940427e+02
1.094168602621555380e+02
1.102893493235111322e+02
1.084749386692047182e+02
1.093548897051811366e+02
1.088207132375240462e+02
1.093128485727310135e+02
1.093616724061966039e+02
1.102220977878570665e+02
1.103947925996780413e+02
1.124297553324699521e+02
1.126925775885582084e+02
1.137586515927314821e+02
1.133889185476303254e+02
1.140629555201530536e+02
1.139783133196830818e+02
1.138898645663261533e+02
1.135370768117904703e+02
1.134691439652442995e+02
1.130016763162612961e+02
1.140641941380500839e+02
1.146836560511589198e+02
1.119545233511924778e+02
1.108233396792411867e+02
1.100426410758495450e+02
1.098515476489067169e+02
1.077550443911552520e+02
1.078608489322662365e+02
1.066335223937034584e+02
1.056137026715278751e+02
1.072272965645790208e+02
1.078807777512073613e+02
1.077067166590690732e+02
1.045428890216350624e+02
1.051933891129493759e+02
1.024028957653045779e+02
1.038392611861228971e+02
1.068018618440628131e+02
1.067593175852298799e+02
1.068813940608501412e+02
1.086069625544547961e+02
1.086810802090168124e+02
1.080934691810607973e+02
1.086739069437980731e+02
1.084358188176155124e+02
1.083343333506584258e+02
1.073735132837295509e+02
1.063018016600608888e+02
1.067223695540428281e+02
1.059079266691207977e+02
1.067697178506851259e+02
1.078788014316559014e+02
1.089920091533660980e+02
1.108784485971927722e+02
1.102188697206974126e+02
1.121673437416553583e+02
1.121699059379100873e+02
1.128121645057201476e+02
1.129759621000290082e+02
1.136607038021087845e+02
1.139805927920341588e+02
1.140993483579158863e+02
1.132962261462211728e+02
1.135368897747993486e+02
1.142928685188293514e+02
1.137792593502998386e+02
1.137449548625946107e+02
1.128039051401615183e+02
1.131441097569465626e+02
1.130039155101776203e+02
1.136095938944816766e+02
1.149437110924720855e+02
1.160598116660118109e+02
1.161933964610099821e+02
1.168466950726509168e+02
1.163348344492912361e+02
1.161186540901660891e+02
1.171027734601497627e+02
1.170922944331169191e+02
1.168792594218254237e+02
1.171036814844608358e+02
1.171906382608413679e+02
1.170686404156684830e+02
1.190339064288139355e+02
1.190970385432243432e+02
1.191099886822700569e+02
1.187811448359489503e+02
1.184918726408481575e+02
1.260969096624851176e+02
1.258827342247962946e+02
1.264493420207500520e+02
1.276992087912559697e+02
1.289695213818550314e+02
1.294956975758075828e+02
1.304754610705375626e+02
1.301618368124961762e+02
1.313693006420135703e+02
1.331626395082473664e+02
1.336588274836540222e+02
1.334907991480827718e+02
1.338778997445106711e+02
1.348816712832451117e+02
1.353066826605796678e+02
1.347058834624290284e+02
1.348449235057830720e+02
1.351206549322605497e+02
1.351741458010673682e+02
1.380667452561855271e+02
1.372131194877624694e+02
1.380562208890914917e+02
1.376026237094402518e+02
1.377911117994785286e+02
1.372549968028068861e+02
1.369213715767860435e+02
1.373898207926750388e+02
1.374551652836800031e+02
1.372406943154334726e+02
1.387588166117668038e+02
1.389895803713798728e+02
1.382654141426086198e+02
1.397845087122917107e+02
1.381177403521538167e+02
1.397390161776542641e+02
1.392311858868599188e+02
1.389387959682941300e+02
1.391853300452232816e+02
1.421971966886520704e+02
1.425308207714557511e+02
1.423386703491211165e+02
1.420669933927059105e+02
1.421079321503639221e+02
1.432070193171501273e+02
1.424276507246494248e+02
1.420616666519642308e+02
1.417283945250511579e+02
1.415498474860191322e+02
1.399669062244892075e+02
1.401292806851864157e+02
1.393566787326336112e+02
1.401545077347755637e+02
1.395072022283077331e+02
1.389706338787078721e+02
1.407871310245990912e+02
1.406073175024986313e+02
1.420304712736606803e+02
1.429521189332008362e+02
1.420819451248646033e+02
1.421916940426826272e+02
1.420525363278388795e+02
1.450740219342708883e+02
1.460381324589252472e+02
1.455718725526332946e+02
1.450295387554168656e+02
1.475411804330348673e+02
1.517152685904503073e+02
1.527347226524353232e+02
1.519788162112236023e+02
1.533532498240471114e+02
1.555892497849464462e+02
1.551705804824829329e+02
1.549193799781799044e+02
1.495111423206329277e+02
1.518799611115455832e+02
1.524242138099670569e+02
1.533726354289054825e+02
1.531787065243721031e+02
1.526962415206432411e+02
1.532478857159614449e+02
1.529778443562984762e+02
1.530379562044143995e+02
1.520904272365569909e+02
1.525254281413555191e+02
1.548912407016754287e+02
1.533089531207085088e+02
1.538522955524921372e+02
1.548050600790977569e+02
1.544096989071369421e+02
1.481825253748893942e+02
1.444914240026474204e+02
1.456846498155593963e+02
1.441863301968574547e+02
1.432894566261768432e+02
1.411928030490875585e+02
1.454090345168114027e+02
1.440418845021724792e+02
1.449315576100349290e+02
1.446841387534141745e+02
1.453604834485054198e+02
1.449067303538322449e+02
1.427434934318065416e+02
1.449029029154777390e+02
1.426842202639580250e+02
1.430369305539131233e+02
1.424935223865509215e+02
1.431050422835349991e+02
1.416990697646141371e+02
1.431926829218864441e+02
1.441134988808631761e+02
1.445901949787140097e+02
1.448221461558342185e+02
1.469305062067508629e+02
1.482493932414054711e+02
1.487873065233230818e+02
1.493349242615699950e+02
1.503084951949119272e+02
1.496069520425796782e+02
1.495330531084537711e+02
1.514200651240349202e+02
1.520918943488597961e+02
1.528399840855598200e+02
1.498310981845855849e+02
1.487244723820686545e+02
1.479296255707740784e+02
1.492857602620125022e+02
1.566246469914913177e+02
1.550092073929309890e+02
1.558729606342315606e+02
1.583886538898944991e+02
1.597020767569542272e+02
1.607174749803543250e+02
1.553963807511329946e+02
1.576408768343925431e+02
1.601063022696972098e+02
1.619413480067253204e+02
1.612508156466483911e+02
1.580299895620346433e+02
1.576587385630608082e+02
1.573564549183845998e+02
1.600116572761535849e+02
1.602192182445526214e+02
1.594901154386997177e+02
1.601118850731849648e+02
1.617870012915134339e+02
1.632805724596977370e+02
1.637361826133728187e+02
1.644149635159969307e+02
1.644727312612533865e+02
1.624309768152236870e+02
1.622536277413367998e+02
1.615649695491790681e+02
1.588199508261680535e+02
1.618118395018577758e+02
1.611453864741325219e+02
1.598848707365989981e+02
1.584530121350288709e+02
1.601118579363823073e+02
1.588458376312256064e+02
1.589140853953361443e+02
1.561513967299461569e+02
1.533579996371269658e+02
1.517996974015235878e+02
1.503977706694602716e+02
1.530801113200187729e+02
1.542161074280738831e+02
1.532330571496486868e+02
1.541180256199836549e+02
1.538013255405426207e+02
1.544912493300437859e+02
1.534593394124507881e+02
1.554465607881546134e+02
1.553592174482345740e+02
1.559338543200493064e+02
1.560014414095878692e+02
1.566681488919257959e+02
1.560914011144637925e+02
1.571298725974559716e+02
1.601326991343498207e+02
1.607497310948371592e+02
1.600098710274696714e+02
1.560801154303550788e+02
1.563610528969765028e+02
1.562730499517917906e+02
1.572225207543373244e+02
1.565107672238349892e+02
1.575548343729972771e+02
1.634292175245284966e+02
1.672475702214240982e+02
1.696701732897758461e+02
1.674409210014343330e+02
1.687243801856041046e+02
1.732874681937694845e+02
1.751066358196735564e+02
1.756909021830558686e+02
1.771816239452362538e+02
1.768087647032737664e+02
1.762008253073692572e+02
1.754629562091827211e+02
1.727035473990440551e+02
1.703308873128891037e+02
1.724519368076324781e+02
1.714468050026893593e+02
1.712569485688209738e+02
1.745603020453452814e+02
1.764601618981361071e+02
1.764789994716644514e+02
1.755675862932205291e+02
1.744992425394058273e+02
1.707465554618835313e+02
1.732267994761467094e+02
1.723881681180000101e+02
1.710748435568809782e+02
1.709162692284584182e+02
1.702481578850745905e+02
1.705729076516628311e+02
1.706115204811096078e+02
1.740640995144844396e+02
1.730502826714515550e+02
1.736618743562698342e+02
1.736161343240738120e+02
1.754428313052654289e+02
1.779958466792106719e+02
1.760447232484817732e+02
1.758453960776329268e+02
1.765411272537708101e+02
1.765353165698051612e+02
1.718985062253475462e+02
1.719199892878532410e+02
1.724181294870376746e+02
1.704752917003631865e+02
1.736442661762237663e+02
1.736044280540943419e+02
1.744428357863426413e+02
1.765140094470978056e+02
1.758355656123161452e+02
1.758049144291878179e+02
1.757739523673057533e+02
1.768108501505851677e+02
1.787003897523879914e+02
1.777654518580436616e+02
1.808066174602508909e+02
1.809739574480057058e+02
1.801420155787467934e+02
1.786117081403732527e+02
1.786485519766807784e+02
1.756956648313999381e+02
1.724572797608375367e+02
1.728681201815605277e+02
1.691477131724357719e+02
1.681001163280010360e+02
1.685779722595215162e+02
1.689294276356696969e+02
1.613402376139163721e+02
1.571554815495014168e+02
1.639701354289055075e+02
1.603153634989261604e+02
1.557396360373497259e+02
1.577206643271446183e+02
1.643200756394863333e+02
1.660488706910610404e+02
1.692503873074054468e+02
1.751429576015472662e+02
1.745736996066570441e+02
1.739842952752113661e+02
1.731780586600303877e+02
1.746615137076377664e+02
1.778009665036201454e+02
1.814562795662880035e+02
1.808452039408683731e+02
1.805656376957893485e+02
1.772883297204971313e+02
1.785497497463226182e+02
1.791745704197883811e+02
1.790054654443263757e+02
1.772891692209244070e+02
1.792975795865058899e+02
1.824851928496360642e+02
1.843105295932293188e+02
1.824753917002677781e+02
1.808702517199516251e+02
1.810984027647972425e+02
1.804360935425758612e+02
1.775774010443687416e+02
1.775015450084209192e+02
1.733354598605632759e+02
1.707995454287529355e+02
1.666902129721641472e+02
1.748806480026245254e+02
1.702358946895599274e+02
1.682830859088897455e+02
1.696638039398193314e+02
1.685014365994930472e+02
1.703008888566494079e+02
1.736830545592308113e+02
1.749301187586784181e+02
1.703163419556617555e+02
1.720785475993156410e+02
1.754403536105156149e+02
1.745682692790031183e+02
1.763685054135322616e+02
1.769842466795444693e+02
1.781337763476371947e+02
1.806700155591964858e+02
1.802596691632271018e+02
1.749692513728141989e+02
1.675407443296909378e+02
1.670311393976211320e+02
1.645941776156425362e+02
1.653240058350563118e+02
1.659219816875457809e+02
1.639228954994678702e+02
1.670155101180076826e+02
1.710388782954215685e+02
1.788688968205452170e+02
1.792285115575790542e+02
1.865303210020065308e+02
1.879449450564384847e+02
1.888886471438407852e+02
1.902579257845878828e+02
1.930673488032817886e+02
1.923066077303886345e+02
1.918486747241020680e+02
1.900406992602348168e+02
1.918701520323753584e+02
1.906116485369205407e+02
1.898907736849785124e+02
1.912643881368637153e+02
1.907590909385681357e+02
1.920348858332633881e+02
1.918050409352779866e+02
1.922509257876873221e+02
1.915330879759788445e+02
1.911229942607879480e+02
1.904593869018554528e+02
1.940037062799930254e+02
1.956750493431091513e+02
1.972386164772510710e+02
1.979497807478904861e+02
1.974105471873283477e+02
1.955627671670914083e+02
1.950535513329506330e+02
1.961583107733726479e+02
1.944871159815788246e+02
1.946005065441131592e+02
1.925385286700725374e+02
1.924217478430271058e+02
1.892093657410144942e+02
1.900420600438117731e+02
1.889498636651039192e+02
1.883829190993309339e+02
1.854975496649742013e+02
1.878599902558326562e+02
1.875861755394935813e+02
1.889912038111687025e+02
1.885867854905128524e+02
1.907639987695217201e+02
1.873476468205452079e+02
1.889096223020553680e+02
1.916118088030815443e+02
1.943535270237922532e+02
1.941370184803009238e+02
1.915342208981514318e+02
1.948531975555420104e+02
1.951624725055694967e+02
1.947228859031200727e+02
1.952916431427001953e+02
1.941876515531540122e+02
1.957381171965599265e+02
1.952801707792282286e+02
1.954538602232933044e+02
1.969085211372375852e+02
1.988320295000076499e+02
1.981929464364051796e+02
1.947965628361702102e+02
1.936576220607757932e+02
1.940636544775962875e+02
2.058498379302024546e+02
2.120624642205238501e+02
2.127010793900490171e+02
2.138698356270789986e+02
2.117970783495903220e+02
2.119475963854789597e+02
2.136539558255672659e+02
2.129995711874962012e+02
2.144053259158134779e+02
2.153517129540443875e+02
2.158579646670818306e+02
2.191061465525627341e+02
2.235988941633701188e+02
2.213537671828270277e+02
2.209212327265739759e+02
2.209370373201370512e+02
2.213901405119896140e+02
2.221028025972843238e+02
2.239815484046936263e+02
2.258269896578788689e+02
2.293096768903732254e+02
2.314731773483753159e+02
2.342200349354744162e+02
2.349882231593131792e+02
2.334210369670391287e+02
2.294486856913566726e+02
2.275390590810775961e+02
2.243894257533550558e+02
2.302048676753044560e+02
2.272646004700661138e+02
2.329008860611915566e+02
2.301983239698409989e+02
2.238986160075664884e+02
2.242682078576087861e+02
2.243967877054214455e+02
2.261343137204647178e+02
2.236478567087650617e+02
2.269572341227531638e+02
2.284532189095020271e+02
2.265825207209587120e+02
2.313593006277084214e+02
2.321983721828460716e+02
2.338106182169914291e+02
2.359571951270103227e+02
2.389086069452762331e+02
2.346052717757225423e+02
2.306911117577552659e+02
2.301451245379448096e+02
2.333951597297191825e+02
2.222895899367332504e+02
2.202717865109443665e+02
2.283499170565605141e+02
2.233154543960094429e+02
2.283843810486793586e+02
2.273741810107230776e+02
2.219026505434513297e+02
2.253969111847877684e+02
2.268126976752280939e+02
2.289982550883293015e+02
2.209398378229141713e+02
2.259291817736625489e+02
2.222278509640693756e+02
2.179292911052704085e+02
2.190514971804618654e+02
2.248951777315140248e+02
2.284698238754272666e+02
2.129189043998718489e+02
2.066783160901069323e+02
2.089691264367103258e+02
2.154662182891369184e+02
2.146905990862846352e+02
2.104521177387237572e+02
1.995548763775825591e+02
1.974913593888282435e+02
1.917204221618175666e+02
1.965428833484650113e+02
1.987880395150184540e+02
1.907157992911339193e+02
1.813240398848056998e+02
1.810888481223583426e+02
1.763067860507965179e+02
1.787492494070530142e+02
1.783619381880760670e+02
1.854693806004524390e+02
1.840411091828346457e+02
1.830343037605285303e+02
1.896429421114921752e+02
1.810240296196937493e+02
1.789584905338287513e+02
1.723565722751617386e+02
1.735088288712501594e+02
1.724784814643859931e+02
1.729784403932094392e+02
1.749331409060955025e+02
1.691402777075767290e+02
1.675081006252765974e+02
1.697638435196876685e+02
1.642481458294391814e+02
1.599616932034492720e+02
1.534922370338439919e+02
1.493530038571357750e+02
1.603007607960701080e+02
1.592125370848178818e+02
1.592962812054157098e+02
1.609223644900322370e+02
1.611330996775627113e+02
1.444711892962455977e+02
1.508759771609306313e+02
1.505238302648067474e+02
1.534955086672306379e+02
1.562640946424007211e+02
1.567892786383628732e+02
1.551965613245964164e+02
1.527704243719578017e+02
1.560132018196583203e+02
1.579671941125392891e+02
1.589730209851264817e+02
1.600092356169224104e+02
1.562805279445648239e+02
1.569280134534835724e+02
1.556291414093971639e+02
1.609762806391715912e+02
1.594416826891899177e+02
1.577245213639736221e+02
1.689352407646179017e+02
1.701974549686908631e+02
1.702869791150092738e+02
1.753097467494010857e+02
1.784176650464535214e+02
1.784881930136680808e+02
1.749960741925239631e+02
1.752049018931388673e+02
1.741477396392822357e+02
1.757035775423049699e+02
1.749441666209697814e+02
1.755821046924590974e+02
1.751849280536175115e+02
1.757259456348419349e+02
1.768872006118297691e+02
1.758458244585991110e+02
1.778860405945778211e+02
1.792329724097252210e+02
1.793434459829330194e+02
1.799238361620903106e+02
1.780949539959430581e+02
1.800268677496910072e+02
1.809687784433364754e+02
1.806263678193092801e+02
1.795470880949497428e+02
1.773987040019035248e+02
1.778355274581909384e+02
1.841916108906269187e+02
1.863434312605858167e+02
1.871928349113464378e+02
1.893713093316554819e+02
1.919179711115360192e+02
1.939404105091095403e+02
1.923483257913589455e+02
1.940876972556114310e+02
2.014595386624336584e+02
1.971764366888999689e+02
1.947177932429314069e+02
1.926278600740432694e+02
1.944087008619308676e+02
1.946686517977714743e+02
1.959668815350532327e+02
1.973368605971336365e+02
2.003034320902824561e+02
2.017304914975166525e+02
2.020898848605156104e+02
2.034683351492881798e+02
2.067789592790603592e+02
2.061452144861221427e+02
2.073484285736083734e+02
2.055718338501453673e+02
2.054856124544143654e+02
2.058664090836048217e+02
2.058838530695438749e+02
2.099966522359848113e+02
2.107837849879264809e+02
2.115002229893207755e+02
2.146365736651420661e+02
2.143027066802978879e+02
2.122935351908207053e+02
2.112597208476066726e+02
2.115860715985298270e+02
2.073831058883666856e+02
2.178575411593914168e+02
2.164184665822982652e+02
2.191748866772651922e+02
2.157151786494255248e+02
2.097099119830131713e+02
2.097468220067024163e+02
2.074049977803230149e+02
2.044450971794128691e+02
1.921837805342674415e+02
1.953287068247794878e+02
1.977192860817909263e+02
1.968004225993156524e+02
1.956644197487831320e+02
1.893549536252021994e+02
1.931117214465141387e+02
1.890341692352295127e+02
1.856989526009559768e+02
1.849535825860500609e+02
